#Data 
CU[]	Spawn[]	lnRSobs[]	year[]
1	7755	1.207083835	1
1	29358	0.231591783	2
1	22035	0.799068155	3
1	19941	0.550594549	4
1	4210	0.863216673	5
1	17504	-1.095161965	6
1	18612	-0.857716313	7
1	27696	-0.723769563	8
1	33235	-1.103091769	9
1	6647	-0.318175483	10
1	4985	0.081742263	11
1	2548	1.808189773	12
1	8863	1.094269158	13
1	8863	1.238654581	14
1	3877	2.312235197	15
1	1329	3.144773046	16
1	6647	0.505234476	17
1	15510	0.171096148	18
1	19941	-0.165754003	19
1	19941	-0.408448239	20
1	33235	-0.403868681	21
1	1994	2.555514562	22
1	10525	0.593155542	23
1	14402	0.502617079	24
1	8863	0.85675601	25
1	8863	1.124829259	26
1	23265	0.48341412	27
1	11078	1.052543296	28
1	14402	0.584851018	29
1	16543	0.52066273	30
1	11078	1.30648265	31
1	24373	0.785291156	32
1	17725	0.944843012	33
1	16618	0.219580564	34
1	14402	-0.128250693	35
1	18833	0.134953914	36
1	27696	-0.435575218	37
1	26588	0.364036166	38
1	20495	0.957945179	39
1	5539	1.279703127	40
1	12063	0.218289969	41
1	19590	0.384224334	42
1	4337	1.872503667	43
1	64594	-1.402045851	44
1	15919	1.236204367	45
1	13298	1.701521141	46
1	11466	1.512046978	47
1	35021	0.138703428	48
1	983	3.248767885	49
1	29491	-0.422808098	50
1	79009	-0.496828931	51
1	44220	0.149460126	52
1	36337	-1.088722006	53
1	30443	-1.886534603	54
2	1067	-1.132101037	44
2	267	1.575220629	46
2	88	3.070356017	47
2	293	2.373611299	48
2	95	3.204931459	49
2	780	1.64565245	50
2	1311	1.094084796	51
2	1381	0.365013981	52
2	2860	-1.029530432	53
2	550	0.493162477	54
2	4832	-1.254348967	55
3	42485	0.561985161	1
3	133007	-0.672585826	2
3	21587	2.035635129	3
3	77002	1.234540066	4
3	68409	0.198664522	5
3	29888	1.537336154	6
3	31977	1.475978825	7
3	95242	0.294713628	8
3	62457	1.015695929	9
3	89905	1.364736734	10
3	82164	0.544899972	11
3	34049	1.189285137	12
3	52692	0.407164307	13
3	140253	-0.315544979	14
3	109851	-1.468624672	15
3	60353	0.835754094	16
3	13336	0.677900707	17
3	54679	1.681769144	18
3	32032	0.809391788	19
3	42455	-0.147508904	20
3	31679	1.439380647	21
3	46466	0.621126598	22
3	93630	-0.689830991	23
3	26965	0.65069681	24
3	26503	1.386345654	25
3	75649	-0.563658662	26
3	26865	1.357311106	27
3	38206	0.965489869	28
3	42435	0.826305934	29
3	18412	1.160938221	30
3	21328	1.564909643	31
3	58719	1.090139146	32
3	52358	1.891822274	33
3	16646	2.149221156	34
3	25124	-0.625865765	35
3	79679	0.142049395	36
3	60909	2.321586884	37
3	92245	-0.354433117	38
3	43130	0.816258662	39
3	63692	-0.628567498	40
3	84558	-0.22191302	41
3	232802	-1.78632096	42
3	29324	1.593684669	43
3	55028	-1.134244213	44
3	39546	0.508211446	45
3	25141	-0.348192049	46
3	40874	0.551000271	47
3	52862	0.924761113	48
3	28667	-0.371677942	49
3	20503	-0.980994032	50
3	20455	1.155486489	51
3	64622	0.374523385	52
3	60983	-0.300596995	53
3	8760	-1.423705477	54
3	20322	0.113185196	55
4	112920	1.534940829	1
4	467457	0.495943868	2
4	354597	1.088220457	3
4	193636	2.054452569	4
4	396889	0.051248742	5
4	313242	0.762891318	6
4	243131	1.410226434	7
4	296655	1.468050716	8
4	267415	0.751182661	9
4	345342	1.272598794	10
4	327830	0.414929722	11
4	436876	0.170136405	12
4	309504	0.405632891	13
4	236140	0.61893922	14
4	291444	-0.670316346	15
4	118485	2.377037227	16
4	163137	0.049606556	17
4	199711	1.342471623	18
4	57402	1.4237103	19
4	357449	-0.293903017	20
4	197031	1.918727179	21
4	113332	1.969661123	22
4	159595	0.851873403	23
4	103027	1.276098691	24
4	204447	1.331640769	25
4	623637	-0.177941366	26
4	167437	1.925029049	27
4	237400	1.784666303	28
4	241974	2.176970336	29
4	132563	2.037069751	30
4	198864	0.148510985	31
4	432582	-0.189447488	32
4	582914	0.11658475	33
4	595377	-0.643387142	34
4	132299	-1.324685081	35
4	69506	1.200830566	36
4	143305	2.596931086	37
4	129975	0.682036535	38
4	97880	1.086118439	39
4	155040	-0.039360476	40
4	185020	0.94229366	41
4	617401	-1.134980282	42
4	130726	1.316665602	43
4	99284	-0.373517736	44
4	249231	0.154374268	45
4	163178	-0.783690015	46
4	137660	0.440757963	47
4	100762	1.110803528	48
4	93158	-0.652804081	49
4	93791	-0.64008671	50
4	74126	1.48151087	51
4	152998	0.895015442	52
4	112218	0.428756569	53
4	39602	-0.756112795	54
4	133779	1.052421286	55
5	12298	1.303450514	1
5	33657	-0.006888265	2
5	16828	1.298951354	3
5	56280	1.133855932	4
5	35960	0.231620347	5
5	11094	1.420868211	6
5	15196	0.499744178	7
5	24201	0.174358647	8
5	55410	-0.1862704	9
5	32575	1.336379179	10
5	7423	2.066232578	11
5	8381	1.933609413	12
5	10277	1.100924276	13
5	32179	-0.172872119	14
5	38189	-1.524918652	15
5	28686	0.843140594	16
5	8022	0.086190546	17
5	15573	0.682391386	18
5	3931	1.227848947	19
5	21765	-0.576759377	20
5	11166	1.233270849	21
5	7178	0.987530347	22
5	4827	1.183241526	23
5	8904	1.119709881	24
5	8065	1.994555189	25
5	17229	0.096752978	26
5	3874	2.604922213	27
5	15786	0.641377694	28
5	23459	0.858489737	29
5	7701	1.514230427	30
5	7395	0.648998641	31
5	24980	-0.121096236	32
5	8426	2.558837662	33
5	21962	0.979063734	34
5	7560	-0.377438686	35
5	6555	1.557716942	36
5	7975	2.942638344	37
5	34660	-0.047818043	38
5	16545	2.000773122	39
5	22946	0.799191387	40
5	19982	1.553381111	41
5	47818	-0.435756494	42
5	24573	0.695942499	43
5	83151	-2.375768045	44
5	51747	-0.219096436	45
5	31371	-1.219541788	46
5	12515	1.274127714	47
5	12595	2.468033631	48
5	12744	0.658165705	49
5	18341	-1.027215241	50
5	6065	2.497604155	51
5	43110	0.891282128	52
5	82348	-0.740995076	53
5	7960	-1.794842422	54
5	14701	0.133871235	55
6	3800	0.842845329	1
6	3268	0.379014336	2
6	5000	0.203100691	3
6	9935	-0.452354244	4
6	2300	1.930529416	8
6	2400	2.792072175	9
6	2247	0.817475028	16
6	200	2.792075791	17
6	1008	1.509499855	22
6	600	2.644936695	25
6	2637	0.753479131	26
6	2000	1.967864278	27
6	11186	0.244642763	28
6	6956	0.633991774	29
6	4837	1.129261869	33
6	5319	0.541618698	34
6	10548	-0.094728054	36
6	6411	0.93346006	37
6	3632	0.600412164	38
6	3727	1.728308468	39
6	9389	0.582038262	40
6	3595	0.641704615	41
6	10472	-1.02280223	42
6	316	1.758174091	43
6	19510	-0.860085896	44
6	8047	0.264919655	45
6	1198	2.02488393	46
6	2166	2.048796922	47
6	548	3.293353822	48
6	6625	0.527532233	49
6	8721	0.841906905	50
6	6046	1.025628762	51
6	13478	0.542737769	52
6	8600	0.755237229	53
6	7735	0.943462628	54
6	17574	-0.295157968	55
7	44721	1.834406374	1
7	218146	0.342440657	2
7	99536	1.301975413	3
7	177106	1.2337465	4
7	186458	-0.285910918	5
7	176199	0.39843477	6
7	58581	2.255972226	7
7	135976	1.768964455	8
7	125287	1.370813478	9
7	105359	2.046535827	10
7	195558	0.826608545	11
7	282801	1.37160091	12
7	209478	1.681975383	13
7	237309	1.658092571	14
7	139211	0.804188778	15
7	368434	1.518371044	16
7	288071	0.223470311	17
7	502031	1.950263353	18
7	143303	1.983934489	19
7	416887	0.565025678	20
7	121208	2.854671414	21
7	441066	0.944553072	22
7	319421	0.480382811	23
7	314944	0.942722901	24
7	266911	2.252214059	25
7	301691	1.612920588	26
7	165482	1.750005995	27
7	150463	1.554629563	28
7	322950	1.433785019	29
7	328463	1.611373074	30
7	331533	1.676688044	31
7	104023	3.523096794	32
7	318210	2.621792369	33
7	260339	1.269969519	34
7	428141	-1.998065427	35
7	393980	0.428373557	36
7	372337	2.653003154	37
7	320216	0.465140954	38
7	157127	2.003153221	39
7	203004	0.759622087	40
7	586508	0.367870486	41
7	400411	0.616929458	42
7	290370	2.21481651	43
7	460680	-0.190461976	44
7	445304	1.164033795	45
7	327460	-0.062650441	46
7	461925	0.630389432	47
7	458006	1.200636685	48
7	357801	-0.287703257	49
7	317178	0.382715238	50
7	321952	2.272339302	51
7	347869	1.576302243	52
7	337324	0.818844828	53
7	220714	-0.983883652	54
7	425300	1.197296038	55
8	1500	2.777433486	8
8	1500	2.646635598	9
8	800	2.51350424	10
8	7000	-0.519074727	11
8	10000	-0.268327174	12
8	15000	-0.819124466	13
8	6000	-0.760168919	14
8	1007	0.553787391	23
8	8185	0.354771551	38
9	860	1.580173116	1
9	2294	0.670897679	2
9	2294	0.993944409	3
9	2073	1.068601877	4
9	1554	1.077242143	5
9	3059	0.239644753	6
9	1625	0.931301526	7
9	2964	1.113206716	8
9	1816	2.045700328	9
9	2294	1.977478484	10
9	1816	1.877282996	11
9	2294	0.926852304	12
9	6501	0.334402196	13
9	6501	0.275279949	14
9	6501	-0.57810667	15
9	3633	-0.60575172	16
9	1816	-0.078919646	17
9	6501	-1.133514307	18
9	1816	0.125309275	19
9	803	0.85825418	20
9	860	1.334475384	21
9	669	1.860497775	22
9	1052	1.685680858	23
9	841	2.039436272	24
9	1089	1.861235896	25
9	2178	1.619939279	26
9	2178	1.94031325	27
9	4356	1.959651626	28
9	2614	2.692007738	29
9	3921	2.432476697	30
9	6535	2.098938685	31
9	6535	1.806292071	32
9	17426	0.743008917	33
9	15247	0.849478885	34
9	15901	1.012690806	38
9	16990	1.253875859	39
9	24814	0.242923393	41
9	20085	0.266928618	42
9	27445	0.102398415	43
9	49811	-0.381323799	44
9	24912	0.284907418	45
9	16487	1.073129291	46
9	19196	1.063981152	47
9	17290	1.15018753	48
9	34272	-0.070137056	52
9	41965	-0.277304718	53
10	800	0.153894951	1
10	400	1.283279539	2
10	231	2.136604749	41
10	221	2.231977085	42
10	978	2.126835962	43
10	3377	-1.671665932	44
10	1317	0.550370041	45
10	937	1.827756894	46
10	5139	1.516128439	47
10	245	2.8082391	48
10	1200	1.786301799	49
10	3047	-0.051765029	50
10	20804	-0.094626033	51
10	2366	0.731920761	52
10	5476	-1.399925104	53
10	828	-0.517047377	54
10	13699	-2.256583799	55
11	11341	2.078015898	1
11	14870	1.498785712	2
11	17322	0.879576495	3
11	19910	0.512570292	4
11	52389	-0.896030228	5
11	87710	-1.788939817	6
11	39849	-1.409314891	7
11	29423	-1.384561996	8
11	24918	-1.490692091	9
11	14207	-0.833065413	10
11	11366	-0.538323855	11
11	6557	0.147986915	12
11	5792	0.163889376	13
11	3934	1.120205328	14
11	5246	1.055624576	15
11	5683	1.659167593	16
11	6557	1.333418852	17
11	5082	1.85052992	18
11	11803	0.808417528	19
11	12459	0.137804312	20
11	29420	0.160636172	21
11	15956	0.308941944	22
11	30091	-1.39404452	23
11	19235	-0.4825993	24
11	9508	0.149608718	25
11	36284	-1.927134568	26
11	8962	0.366215402	27
11	5300	1.132867348	28
11	10437	0.561800966	29
11	7672	0.14203469	30
11	2688	2.337171976	31
11	13442	0.967454499	32
11	10382	0.36065217	33
11	13661	-0.723775418	34
11	3115	1.269614421	35
11	9925	-0.658204903	40
11	10953	-0.790396419	42
11	2781	1.038887888	44
11	5164	0.68830674	45
11	8275	0.84023951	46
11	2529	2.320264315	47
11	6121	1.582962834	48
11	7408	1.368800935	49
11	10299	0.847367267	50
11	20737	0.289511096	51
11	23796	0.316588315	52
11	27578	-0.359613281	53
11	26446	-0.807101403	54
11	20496	-0.269024832	55
12	1500	1.088643644	1
12	1500	1.794060535	2
12	1000	1.763426552	3
12	1600	1.030891869	4
12	1000	1.477819635	5
12	6000	-0.528367504	6
12	8000	-0.790418635	7
12	400	1.878706878	8
12	5000	-0.290334038	9
12	1944	0.984948289	10
12	3000	-0.051501211	11
12	3600	0.591673918	15
12	200	2.435757818	16
12	1200	0.976556349	18
12	8000	-0.119904128	19
12	2200	0.973839735	20
12	280	2.077638421	21
12	3000	0.489166586	22
12	2000	1.272225209	23
12	10000	-0.365207106	24
12	6000	0.490350078	28
12	4000	1.648555566	29
12	7072	-0.154871196	43
12	9106	-1.193287892	44
12	6000	-0.881159442	45
12	5887	-0.41028718	46
12	5479	-0.24689451	47
12	3901	0.122483247	48
12	327	2.512834959	49
12	3736	0.109866278	50
12	3836	0.949702785	51
12	3719	1.192350705	52
12	3940	0.845030328	53
12	3320	0.530471596	54
12	4220	0.017772899	55
13	4055	1.692190369	1
13	5793	1.263675105	2
13	3476	1.453206704	3
13	1159	2.179929339	4
13	5793	0.774562071	5
13	11586	0.631857019	6
13	6951	0.907697508	7
13	3939	0.973000519	8
13	3476	0.878256164	9
13	3823	0.731099531	10
13	10891	-1.955785935	11
13	7647	-1.671172425	12
13	4171	-0.192055387	13
13	2317	0.439706017	14
13	2781	0.292710897	15
13	521	1.940888735	16
13	232	3.714096896	17
13	1390	2.654679714	18
13	1159	2.914612674	19
13	1622	2.374767781	20
13	927	2.648091782	21
13	2317	1.982886081	22
13	6951	0.751641543	23
13	9269	0.308285955	24
13	6951	1.154112412	25
13	4634	2.202546299	26
13	6951	2.647922369	27
13	9269	2.222448239	28
13	46343	0.931418298	32
13	31281	0.970513322	33
13	25489	-0.082768834	34
13	40550	-1.522181162	36
13	47501	-1.719713957	37
13	27806	-0.571167058	38
13	6951	1.33045804	39
13	17379	0.137195608	40
13	3476	1.650344505	41
13	4634	2.062479648	42
13	6482	2.087992827	43
13	21769	0.376564789	44
13	15616	0.695782925	45
13	11063	0.440028749	46
13	18314	-0.571987103	47
13	45452	-1.515662784	48
13	17410	-0.173068534	49
13	30460	-0.123574217	50
13	14360	0.988691874	51
13	7441	1.522820615	52
13	6908	0.948790182	53
13	9425	1.006738206	54
14	1500	-0.371231768	28
14	100	2.429327053	29
14	400	0.684613842	34
14	100	2.602935413	37
14	220	1.188694001	38
14	500	1.271532431	39
14	666	1.001412376	40
14	726	0.042440271	41
14	457	-0.24849253	42
14	171	0.872104166	43
14	2059	-1.867743534	44
14	498	-0.663634097	45
14	269	0.633295427	46
14	143	1.978268554	47
14	911	-0.24825526	52
14	609	0.489594857	55
15	33541	1.112907806	1
15	58588	0.11285575	2
15	37326	0.677212263	3
15	63955	0.457917968	4
15	119866	-1.128657388	5
15	31037	0.703511807	6
15	21463	1.168883757	7
15	31742	1.535362992	8
15	22284	1.963173528	9
15	43526	2.059314024	10
15	28978	1.749875519	11
15	30443	2.075140016	12
15	73911	0.863108723	13
15	100183	0.648311906	14
15	96197	-0.358978844	15
15	97499	1.612491424	16
15	50192	1.152115379	17
15	89757	2.777563165	18
15	27964	2.500210675	19
15	135745	0.950409469	20
15	57655	3.125812907	21
15	256141	1.072423332	22
15	122052	1.644318678	23
15	112845	1.761459435	24
15	219484	1.698830772	25
15	216568	0.753617038	26
15	132930	1.850497743	27
15	302166	0.530455536	28
15	173803	1.87721045	29
15	106908	1.972923108	30
15	127100	1.889058066	31
15	224976	2.030165176	32
15	198087	2.348315003	33
15	251783	0.446014203	34
15	136482	-1.563950611	35
15	243069	-0.086128693	36
15	210609	1.573352135	37
15	120916	0.051142117	38
15	62357	1.744086272	39
15	128989	-0.091222566	40
15	130236	0.508907549	41
15	99116	0.914920178	42
15	95249	2.14650487	43
15	147068	-0.14055786	44
15	102160	1.616581411	45
15	128931	-0.107671976	46
15	174654	0.352710015	47
15	170675	1.289218396	48
15	139316	-0.328623626	49
15	130986	-0.725339447	50
15	119148	1.175983694	51
15	151768	0.247394368	52
15	110012	0.423311845	53
15	30151	-0.446619661	54
15	78550	1.468535684	55
16	949	-0.770477755	41
16	855	-0.870440867	42
16	398	0.373362929	43
16	430	0.383424528	44
16	293	-0.140397634	45
16	216	0.508974601	46
16	331	1.1084293	47
16	366	1.138064949	48
16	150	2.019733206	49
16	161	0.262729271	50
16	740	0.118114693	51
16	687	0.817160622	52
16	940	-0.693274558	53
16	93	1.607943144	54
17	100	3.283367065	1
17	500	0.493470484	2
17	500	-0.060138937	3
17	500	1.45140673	4
17	400	2.108372044	5
17	2100	0.644885824	6
17	50	3.623840915	7
17	100	3.303214543	8
17	1100	1.677093057	9
17	1800	-0.078374738	10
17	3300	-3.963562104	14
17	75	1.732349025	15
17	550	2.76065614	29
17	1257	0.930996171	42
17	988	1.344900011	43
17	4992	-1.050392561	44
17	1604	-0.043971678	45
17	1175	0.367533769	46
17	808	1.316929356	47
17	2469	0.099073502	48
17	212	2.409754639	49
17	540	1.26077951	50
17	426	1.7293057	51
17	1884	0.405820962	52
17	1309	0.981147925	53
17	1366	0.846564457	54
18	15021	0.174783208	1
18	1671	3.106154926	2
18	10320	0.588152381	4
18	22243	0.544768523	5
18	11121	0.665541917	6
18	22243	0.608648541	7
18	35957	0.193154015	8
18	7800	1.40217736	9
18	26700	0.19485005	10
18	12840	0.668021256	11
18	26700	-1.892157403	12
18	26700	-0.305786267	13
18	17250	-1.875560062	14
18	17250	0.835852297	15
18	17250	0.515753449	16
18	1206	3.736602248	17
18	12840	1.618234096	18
18	16135	1.45791712	21
18	31885	0.700685059	22
18	36342	0.913720616	23
18	39300	0.503117163	25
18	39977	0.458429829	26
18	39300	0.816583762	27
18	71914	0.686287335	28
18	82285	0.43595191	29
18	33000	-0.271870553	30
18	39300	0.335863464	31
18	53014	0.235054811	32
18	76371	-1.753783013	33
18	2674	2.007974414	38
18	27871	-0.059562503	40
18	25825	0.437808931	42
18	10828	0.34928493	43
18	20242	0.087692031	44
18	19597	0.204979817	45
18	10821	-0.382806642	46
18	25972	-0.838101775	47
18	9665	0.496283762	48
18	19059	-1.258690724	49
18	21436	-1.299528055	50
18	4825	1.739297996	51
18	9317	0.810847096	52
18	12857	-0.318157903	53
18	3788	0.321248565	54
18	4922	0.988831326	55
END
