#Data 
CU[]	Spawn[]	lnRSobs[]
1	7755	1.207083835
1	29358	0.231591783
1	22035	0.799068155
1	19941	0.550594549
1	4210	0.863216673
1	17504	-1.095161965
1	18612	-0.857716313
1	27696	-0.723769563
1	33235	-1.103091769
1	6647	-0.318175483
1	4985	0.081742263
1	2548	1.808189773
1	8863	1.094269158
1	8863	1.238654581
1	3877	2.312235197
1	1329	3.144773046
1	6647	0.505234476
1	15510	0.171096148
1	19941	-0.165754003
1	19941	-0.408448239
1	33235	-0.403868681
1	1994	2.555514562
1	10525	0.593155542
1	14402	0.502617079
1	8863	0.85675601
1	8863	1.124829259
1	23265	0.48341412
1	11078	1.052543296
1	14402	0.584851018
1	16543	0.52066273
1	11078	1.30648265
1	24373	0.785291156
1	17725	0.944843012
1	16618	0.219580564
1	14402	-0.128250693
1	18833	0.134953914
1	27696	-0.435575218
1	26588	0.364036166
1	20495	0.957945179
1	5539	1.279703127
1	12063	0.218289969
1	19590	0.384224334
1	4337	1.872503667
1	64594	-1.402045851
1	15919	1.236204367
1	13298	1.701521141
1	11466	1.512046978
1	35021	0.138703428
1	983	3.248767885
1	29491	-0.422808098
1	79009	-0.496828931
1	44220	0.149460126
1	36337	-1.088722006
1	30443	-1.886534603
2	1067	-1.132101037
2	267	1.575220629
2	88	3.070356017
2	293	2.373611299
2	95	3.204931459
2	780	1.64565245
2	1311	1.094084796
2	1381	0.365013981
2	2860	-1.029530432
2	550	0.493162477
2	4832	-1.254348967
3	42485	0.561985161
3	133007	-0.672585826
3	21587	2.035635129
3	77002	1.234540066
3	68409	0.198664522
3	29888	1.537336154
3	31977	1.475978825
3	95242	0.294713628
3	62457	1.015695929
3	89905	1.364736734
3	82164	0.544899972
3	34049	1.189285137
3	52692	0.407164307
3	140253	-0.315544979
3	109851	-1.468624672
3	60353	0.835754094
3	13336	0.677900707
3	54679	1.681769144
3	32032	0.809391788
3	42455	-0.147508904
3	31679	1.439380647
3	46466	0.621126598
3	93630	-0.689830991
3	26965	0.65069681
3	26503	1.386345654
3	75649	-0.563658662
3	26865	1.357311106
3	38206	0.965489869
3	42435	0.826305934
3	18412	1.160938221
3	21328	1.564909643
3	58719	1.090139146
3	52358	1.891822274
3	16646	2.149221156
3	25124	-0.625865765
3	79679	0.142049395
3	60909	2.321586884
3	92245	-0.354433117
3	43130	0.816258662
3	63692	-0.628567498
3	84558	-0.22191302
3	232802	-1.78632096
3	29324	1.593684669
3	55028	-1.134244213
3	39546	0.508211446
3	25141	-0.348192049
3	40874	0.551000271
3	52862	0.924761113
3	28667	-0.371677942
3	20503	-0.980994032
3	20455	1.155486489
3	64622	0.374523385
3	60983	-0.300596995
3	8760	-1.423705477
3	20322	0.113185196
4	112920	1.534940829
4	467457	0.495943868
4	354597	1.088220457
4	193636	2.054452569
4	396889	0.051248742
4	313242	0.762891318
4	243131	1.410226434
4	296655	1.468050716
4	267415	0.751182661
4	345342	1.272598794
4	327830	0.414929722
4	436876	0.170136405
4	309504	0.405632891
4	236140	0.61893922
4	291444	-0.670316346
4	118485	2.377037227
4	163137	0.049606556
4	199711	1.342471623
4	57402	1.4237103
4	357449	-0.293903017
4	197031	1.918727179
4	113332	1.969661123
4	159595	0.851873403
4	103027	1.276098691
4	204447	1.331640769
4	623637	-0.177941366
4	167437	1.925029049
4	237400	1.784666303
4	241974	2.176970336
4	132563	2.037069751
4	198864	0.148510985
4	432582	-0.189447488
4	582914	0.11658475
4	595377	-0.643387142
4	132299	-1.324685081
4	69506	1.200830566
4	143305	2.596931086
4	129975	0.682036535
4	97880	1.086118439
4	155040	-0.039360476
4	185020	0.94229366
4	617401	-1.134980282
4	130726	1.316665602
4	99284	-0.373517736
4	249231	0.154374268
4	163178	-0.783690015
4	137660	0.440757963
4	100762	1.110803528
4	93158	-0.652804081
4	93791	-0.64008671
4	74126	1.48151087
4	152998	0.895015442
4	112218	0.428756569
4	39602	-0.756112795
4	133779	1.052421286
5	12298	1.303450514
5	33657	-0.006888265
5	16828	1.298951354
5	56280	1.133855932
5	35960	0.231620347
5	11094	1.420868211
5	15196	0.499744178
5	24201	0.174358647
5	55410	-0.1862704
5	32575	1.336379179
5	7423	2.066232578
5	8381	1.933609413
5	10277	1.100924276
5	32179	-0.172872119
5	38189	-1.524918652
5	28686	0.843140594
5	8022	0.086190546
5	15573	0.682391386
5	3931	1.227848947
5	21765	-0.576759377
5	11166	1.233270849
5	7178	0.987530347
5	4827	1.183241526
5	8904	1.119709881
5	8065	1.994555189
5	17229	0.096752978
5	3874	2.604922213
5	15786	0.641377694
5	23459	0.858489737
5	7701	1.514230427
5	7395	0.648998641
5	24980	-0.121096236
5	8426	2.558837662
5	21962	0.979063734
5	7560	-0.377438686
5	6555	1.557716942
5	7975	2.942638344
5	34660	-0.047818043
5	16545	2.000773122
5	22946	0.799191387
5	19982	1.553381111
5	47818	-0.435756494
5	24573	0.695942499
5	83151	-2.375768045
5	51747	-0.219096436
5	31371	-1.219541788
5	12515	1.274127714
5	12595	2.468033631
5	12744	0.658165705
5	18341	-1.027215241
5	6065	2.497604155
5	43110	0.891282128
5	82348	-0.740995076
5	7960	-1.794842422
5	14701	0.133871235
6	3800	0.842845329
6	3268	0.379014336
6	5000	0.203100691
6	9935	-0.452354244
6	2300	1.930529416
6	2400	2.792072175
6	2247	0.817475028
6	200	2.792075791
6	1008	1.509499855
6	600	2.644936695
6	2637	0.753479131
6	2000	1.967864278
6	11186	0.244642763
6	6956	0.633991774
6	4837	1.129261869
6	5319	0.541618698
6	10548	-0.094728054
6	6411	0.93346006
6	3632	0.600412164
6	3727	1.728308468
6	9389	0.582038262
6	3595	0.641704615
6	10472	-1.02280223
6	316	1.758174091
6	19510	-0.860085896
6	8047	0.264919655
6	1198	2.02488393
6	2166	2.048796922
6	548	3.293353822
6	6625	0.527532233
6	8721	0.841906905
6	6046	1.025628762
6	13478	0.542737769
6	8600	0.755237229
6	7735	0.943462628
6	17574	-0.295157968
7	44721	1.834406374
7	218146	0.342440657
7	99536	1.301975413
7	177106	1.2337465
7	186458	-0.285910918
7	176199	0.39843477
7	58581	2.255972226
7	135976	1.768964455
7	125287	1.370813478
7	105359	2.046535827
7	195558	0.826608545
7	282801	1.37160091
7	209478	1.681975383
7	237309	1.658092571
7	139211	0.804188778
7	368434	1.518371044
7	288071	0.223470311
7	502031	1.950263353
7	143303	1.983934489
7	416887	0.565025678
7	121208	2.854671414
7	441066	0.944553072
7	319421	0.480382811
7	314944	0.942722901
7	266911	2.252214059
7	301691	1.612920588
7	165482	1.750005995
7	150463	1.554629563
7	322950	1.433785019
7	328463	1.611373074
7	331533	1.676688044
7	104023	3.523096794
7	318210	2.621792369
7	260339	1.269969519
7	428141	-1.998065427
7	393980	0.428373557
7	372337	2.653003154
7	320216	0.465140954
7	157127	2.003153221
7	203004	0.759622087
7	586508	0.367870486
7	400411	0.616929458
7	290370	2.21481651
7	460680	-0.190461976
7	445304	1.164033795
7	327460	-0.062650441
7	461925	0.630389432
7	458006	1.200636685
7	357801	-0.287703257
7	317178	0.382715238
7	321952	2.272339302
7	347869	1.576302243
7	337324	0.818844828
7	220714	-0.983883652
7	425300	1.197296038
8	1500	2.777433486
8	1500	2.646635598
8	800	2.51350424
8	7000	-0.519074727
8	10000	-0.268327174
8	15000	-0.819124466
8	6000	-0.760168919
8	1007	0.553787391
8	8185	0.354771551
9	860	1.580173116
9	2294	0.670897679
9	2294	0.993944409
9	2073	1.068601877
9	1554	1.077242143
9	3059	0.239644753
9	1625	0.931301526
9	2964	1.113206716
9	1816	2.045700328
9	2294	1.977478484
9	1816	1.877282996
9	2294	0.926852304
9	6501	0.334402196
9	6501	0.275279949
9	6501	-0.57810667
9	3633	-0.60575172
9	1816	-0.078919646
9	6501	-1.133514307
9	1816	0.125309275
9	803	0.85825418
9	860	1.334475384
9	669	1.860497775
9	1052	1.685680858
9	841	2.039436272
9	1089	1.861235896
9	2178	1.619939279
9	2178	1.94031325
9	4356	1.959651626
9	2614	2.692007738
9	3921	2.432476697
9	6535	2.098938685
9	6535	1.806292071
9	17426	0.743008917
9	15247	0.849478885
9	15901	1.012690806
9	16990	1.253875859
9	24814	0.242923393
9	20085	0.266928618
9	27445	0.102398415
9	49811	-0.381323799
9	24912	0.284907418
9	16487	1.073129291
9	19196	1.063981152
9	17290	1.15018753
9	34272	-0.070137056
9	41965	-0.277304718
10	800	0.153894951
10	400	1.283279539
10	231	2.136604749
10	221	2.231977085
10	978	2.126835962
10	3377	-1.671665932
10	1317	0.550370041
10	937	1.827756894
10	5139	1.516128439
10	245	2.8082391
10	1200	1.786301799
10	3047	-0.051765029
10	20804	-0.094626033
10	2366	0.731920761
10	5476	-1.399925104
10	828	-0.517047377
10	13699	-2.256583799
11	11341	2.078015898
11	14870	1.498785712
11	17322	0.879576495
11	19910	0.512570292
11	52389	-0.896030228
11	87710	-1.788939817
11	39849	-1.409314891
11	29423	-1.384561996
11	24918	-1.490692091
11	14207	-0.833065413
11	11366	-0.538323855
11	6557	0.147986915
11	5792	0.163889376
11	3934	1.120205328
11	5246	1.055624576
11	5683	1.659167593
11	6557	1.333418852
11	5082	1.85052992
11	11803	0.808417528
11	12459	0.137804312
11	29420	0.160636172
11	15956	0.308941944
11	30091	-1.39404452
11	19235	-0.4825993
11	9508	0.149608718
11	36284	-1.927134568
11	8962	0.366215402
11	5300	1.132867348
11	10437	0.561800966
11	7672	0.14203469
11	2688	2.337171976
11	13442	0.967454499
11	10382	0.36065217
11	13661	-0.723775418
11	3115	1.269614421
11	9925	-0.658204903
11	10953	-0.790396419
11	2781	1.038887888
11	5164	0.68830674
11	8275	0.84023951
11	2529	2.320264315
11	6121	1.582962834
11	7408	1.368800935
11	10299	0.847367267
11	20737	0.289511096
11	23796	0.316588315
11	27578	-0.359613281
11	26446	-0.807101403
11	20496	-0.269024832
12	1500	1.088643644
12	1500	1.794060535
12	1000	1.763426552
12	1600	1.030891869
12	1000	1.477819635
12	6000	-0.528367504
12	8000	-0.790418635
12	400	1.878706878
12	5000	-0.290334038
12	1944	0.984948289
12	3000	-0.051501211
12	3600	0.591673918
12	200	2.435757818
12	1200	0.976556349
12	8000	-0.119904128
12	2200	0.973839735
12	280	2.077638421
12	3000	0.489166586
12	2000	1.272225209
12	10000	-0.365207106
12	6000	0.490350078
12	4000	1.648555566
12	7072	-0.154871196
12	9106	-1.193287892
12	6000	-0.881159442
12	5887	-0.41028718
12	5479	-0.24689451
12	3901	0.122483247
12	327	2.512834959
12	3736	0.109866278
12	3836	0.949702785
12	3719	1.192350705
12	3940	0.845030328
12	3320	0.530471596
12	4220	0.017772899
13	4055	1.692190369
13	5793	1.263675105
13	3476	1.453206704
13	1159	2.179929339
13	5793	0.774562071
13	11586	0.631857019
13	6951	0.907697508
13	3939	0.973000519
13	3476	0.878256164
13	3823	0.731099531
13	10891	-1.955785935
13	7647	-1.671172425
13	4171	-0.192055387
13	2317	0.439706017
13	2781	0.292710897
13	521	1.940888735
13	232	3.714096896
13	1390	2.654679714
13	1159	2.914612674
13	1622	2.374767781
13	927	2.648091782
13	2317	1.982886081
13	6951	0.751641543
13	9269	0.308285955
13	6951	1.154112412
13	4634	2.202546299
13	6951	2.647922369
13	9269	2.222448239
13	46343	0.931418298
13	31281	0.970513322
13	25489	-0.082768834
13	40550	-1.522181162
13	47501	-1.719713957
13	27806	-0.571167058
13	6951	1.33045804
13	17379	0.137195608
13	3476	1.650344505
13	4634	2.062479648
13	6482	2.087992827
13	21769	0.376564789
13	15616	0.695782925
13	11063	0.440028749
13	18314	-0.571987103
13	45452	-1.515662784
13	17410	-0.173068534
13	30460	-0.123574217
13	14360	0.988691874
13	7441	1.522820615
13	6908	0.948790182
13	9425	1.006738206
14	1500	-0.371231768
14	100	2.429327053
14	400	0.684613842
14	100	2.602935413
14	220	1.188694001
14	500	1.271532431
14	666	1.001412376
14	726	0.042440271
14	457	-0.24849253
14	171	0.872104166
14	2059	-1.867743534
14	498	-0.663634097
14	269	0.633295427
14	143	1.978268554
14	911	-0.24825526
14	609	0.489594857
15	33541	1.112907806
15	58588	0.11285575
15	37326	0.677212263
15	63955	0.457917968
15	119866	-1.128657388
15	31037	0.703511807
15	21463	1.168883757
15	31742	1.535362992
15	22284	1.963173528
15	43526	2.059314024
15	28978	1.749875519
15	30443	2.075140016
15	73911	0.863108723
15	100183	0.648311906
15	96197	-0.358978844
15	97499	1.612491424
15	50192	1.152115379
15	89757	2.777563165
15	27964	2.500210675
15	135745	0.950409469
15	57655	3.125812907
15	256141	1.072423332
15	122052	1.644318678
15	112845	1.761459435
15	219484	1.698830772
15	216568	0.753617038
15	132930	1.850497743
15	302166	0.530455536
15	173803	1.87721045
15	106908	1.972923108
15	127100	1.889058066
15	224976	2.030165176
15	198087	2.348315003
15	251783	0.446014203
15	136482	-1.563950611
15	243069	-0.086128693
15	210609	1.573352135
15	120916	0.051142117
15	62357	1.744086272
15	128989	-0.091222566
15	130236	0.508907549
15	99116	0.914920178
15	95249	2.14650487
15	147068	-0.14055786
15	102160	1.616581411
15	128931	-0.107671976
15	174654	0.352710015
15	170675	1.289218396
15	139316	-0.328623626
15	130986	-0.725339447
15	119148	1.175983694
15	151768	0.247394368
15	110012	0.423311845
15	30151	-0.446619661
15	78550	1.468535684
16	949	-0.770477755
16	855	-0.870440867
16	398	0.373362929
16	430	0.383424528
16	293	-0.140397634
16	216	0.508974601
16	331	1.1084293
16	366	1.138064949
16	150	2.019733206
16	161	0.262729271
16	740	0.118114693
16	687	0.817160622
16	940	-0.693274558
16	93	1.607943144
17	100	3.283367065
17	500	0.493470484
17	500	-0.060138937
17	500	1.45140673
17	400	2.108372044
17	2100	0.644885824
17	50	3.623840915
17	100	3.303214543
17	1100	1.677093057
17	1800	-0.078374738
17	3300	-3.963562104
17	75	1.732349025
17	550	2.76065614
17	1257	0.930996171
17	988	1.344900011
17	4992	-1.050392561
17	1604	-0.043971678
17	1175	0.367533769
17	808	1.316929356
17	2469	0.099073502
17	212	2.409754639
17	540	1.26077951
17	426	1.7293057
17	1884	0.405820962
17	1309	0.981147925
17	1366	0.846564457
18	15021	0.174783208
18	1671	3.106154926
18	10320	0.588152381
18	22243	0.544768523
18	11121	0.665541917
18	22243	0.608648541
18	35957	0.193154015
18	7800	1.40217736
18	26700	0.19485005
18	12840	0.668021256
18	26700	-1.892157403
18	26700	-0.305786267
18	17250	-1.875560062
18	17250	0.835852297
18	17250	0.515753449
18	1206	3.736602248
18	12840	1.618234096
18	16135	1.45791712
18	31885	0.700685059
18	36342	0.913720616
18	39300	0.503117163
18	39977	0.458429829
18	39300	0.816583762
18	71914	0.686287335
18	82285	0.43595191
18	33000	-0.271870553
18	39300	0.335863464
18	53014	0.235054811
18	76371	-1.753783013
18	2674	2.007974414
18	27871	-0.059562503
18	25825	0.437808931
18	10828	0.34928493
18	20242	0.087692031
18	19597	0.204979817
18	10821	-0.382806642
18	25972	-0.838101775
18	9665	0.496283762
18	19059	-1.258690724
18	21436	-1.299528055
18	4825	1.739297996
18	9317	0.810847096
18	12857	-0.318157903
18	3788	0.321248565
18	4922	0.988831326
END
