#initial values of parameters for the 1st chain
list(
  slope=c(0.00006,0.0003,0.000003,0.00003, 0.00006,0.00009,0.0004,0.00011,0.0004,0.00003,0.0019,0.0003,0.0005,0.0008,0.0011,0.0008,0.0009,0.0002), 
  slopex=c(0.9, 0.9,0.9, 0.9,0.9, 0.9,0.9, 0.9,0.9, 0.9,0.9, 0.9,0.9, 0.9,0.9, 0.9,0.9,0.9), 
  intercept =c(1.1, 1.1,1.1, 1.1,1.9, 1.9,1.9, 1.9,1.9, 1.9,1.9, 1.9,1.9, 1.9,1.9, 1.9, 1.9, 1.9), 
  se=c(0.98,0.98,0.98,0.98,0.98,0.98,0.98,0.98,0.98,0.98,0.98,0.98,0.98,0.98,0.98,0.98,0.98,0.98), 
  interceptx=c(10,10,10,10,10,10,10,10,10,10,10,10,10,10,10,10,10,10), 
  lmu_a=0.5,
  tau_a=0.7, 
  Tse=2.5
  )