#initial values of parameters for the 1st chain
list(
  Smaxr=c(2.2500,0.1000,12.8000,40.0000,2.5000,.6667,51.0667,.7143,3.2000,.5000,18.909,.2500,13.333,0.0500,23.7140,0.0400,0.1000,30.000),
  intercept =c(1.4, 1.8,1.2, 1.3,1.3, 1.63,1.7, 1.7,1.3, 1.43,1.2, 1.7,1.63, 1.53,1.53, 1.63, 1.93, 1.3), 
  se=c(0.75,0.725,0.725,0.725,0.725,0.725,0.725,0.725,0.725,0.725,0.725,0.725,0.725,0.725,0.725,0.725,0.725, 0.725), 
  interceptx=c(30,30,30,30,30,30,30,30,30,30,30,30,30,30,30,30,30,30), 
  Tse=1.9,
  TE=c(0.15,-0.08,0.11,0.17,-0.31,-0.14,0.07,0.21,0.16,0.23,-0.29,-0.12,-0.20,-0.48,-0.60,0.35,-0.04,0.30,0.21,-0.34,0.63,0.24,-0.13,0.11,0.48,-0.08,0.58,0.37,0.64,0.35,0.34,0.57,0.58,-0.06,-1.30,-0.21,0.85,-0.19,0.39,-0.36,-0.12,-0.39,0.27,-0.64,-0.32,-0.47,0.11,0.38,-0.15,-0.73,0.47,0.14,-0.32,-1.00,-0.21),
  lmu_a=0.3,
  tau_a=0.5
)