#initial values of parameters for the 1st chain
list(
  slope=c(0.0008,0.0002,0.00004,0.00008, 0.0004,0.0006,0.0006,0.00014,0.0008,0.00008,0.0011,0.0004,0.0005,0.0002,0.0014,0.0001,0.0007,0.0009),
  slopex=c(0.4, 0.4,0.4, 0.4,0.4, 0.4,0.4, 0.4,0.4, 0.4,0.4, 0.4,0.4, 0.4,0.4, 0.4,0.4,0.4), 
  intercept =c(1.3, 1.3,1.3, 1.3,1.3, 1.3,1.3, 1.3,1.3, 1.3,1.3, 1.3,1.3, 1.3,1.3, 1.3, 1.3, 1.3), 
  se=c(0.85,0.85,0.85,0.85,0.85,0.25,0.85,0.85,0.85,0.85,0.85,0.85,0.85,0.85,0.85,0.85,0.85, 0.25), 
  interceptx=c(30,30,30,30,30,30,30,30,30,30,30,30,30,30,30,30,30,30), 
  lmu_a=0.3,
  tau_a=0.5, 
  Tse=2.4
)