#initial values of parameters for the 2nd chain
list(
  Smaxr=c(2.500,.1500,12.000,45.0000,2.9000,.7667,55.0667,.9143,4.2000,.6000,19.909,.3500,11.333,0.0600,27.7140,0.0600,0.2000,20.000), 
  intercept =c(1.4, 1.8,1.2, 1.3,1.3, 1.63,1.7, 1.7,1.3, 1.43,1.2, 1.7,1.63, 1.53,1.53, 1.63, 1.93, 1.3), 
  se=c(0.975,0.925,0.925,0.925,0.925,0.925,0.925,0.925,0.925,0.925,0.925,0.925,0.925,0.925,0.925,0.925,0.925, 0.925), 
  interceptx=c(30,30,30,30,30,30,30,30,30,30,30,30,30,30,30,30,30,30), 
  Tse=1.9, , 
  TE=c(0.15,-0.08,0.11,0.17,-0.31,-0.14,0.07,0.21,0.16,0.23,-0.29,-0.12,-0.20,-0.48,-0.60,0.35,-0.04,0.30,0.21,-0.34,0.63,0.24,-0.13,0.11,0.48,-0.08,0.58,0.37,0.64,0.35,0.34,0.57,0.58,-0.06,-1.30,-0.21,0.85,-0.19,0.39,-0.36,-0.12,-0.39,0.27,-0.64,-0.32,-0.47,0.11,0.38,-0.15,-0.73,0.47,0.14,-0.32,-1.00,-0.21),
  lmu_a=0.5,
  tau_a=0.6
)