#initial values of parameters for the 2nd chain
list(
  slope=c(4.5E-05,6.9E-04,9.7E-06,2.2E-06,2.7E-05,3.4E-05,1.7E-06,2.1E-04,3.5E-05,3.2E-05,4.2E-05,2.5E-04,6.2E-05,8.7E-04,3.0E-06,2.4E-03,5.2E-04,3.2E-05), 
  slopex=c(0.9, 0.9,0.9, 0.9,0.9, 0.9,0.9, 0.9,0.9, 0.9,0.9, 0.9,0.9, 0.9,0.9, 0.9,0.9,0.9), 
  intercept =c(1.1, 1.1,1.1, 1.1,1.9, 1.9,1.9, 1.9,1.9, 1.9,1.9, 1.9,1.9, 1.9,1.9, 1.9, 1.9, 1.9), 
  se=c(0.98,0.98,0.98,0.98,0.98,0.98,0.98,0.98,0.98,0.98,0.98,0.98,0.98,0.98,0.98,0.98,0.98,0.98), 
  interceptx=c(10,10,10,10,10,10,10,10,10,10,10,10,10,10,10,10,10,10), 
  lmu_a=0.5, 
  tau_a=0.7, 
  Tse=2.5
)